meta_variables:
[[ 0.          0.          0.        ]
 [ 5.76295168 13.58650053  5.11781062]
 [24.96532965 12.22495541 12.84788894]
 [16.55087109 22.60273912  7.64747552]
 [ 9.01546225 15.11876126  6.12559204]
 [ 0.73021996 43.93983908 14.03019045]
 [27.73383719 41.83039541  7.81006728]
 [25.94963443 11.42081243  7.34356523]
 [49.66520533 40.92034982 12.00209748]
 [49.96765962 31.37610869 14.51260086]
 [17.79556448 49.61459256  9.82912595]
 [23.23444551 13.46395403 14.81212349]
 [31.96282894 13.68685463 10.57282224]
 [31.87716114  9.46945926 14.85744814]
 [28.97991058 22.47299404 10.2825383 ]
 [ 4.10602002  8.37772527 14.51862513]
 [26.76237649 24.71617903 12.6057966 ]
 [28.87061915  8.8920354  14.72208199]
 [40.69937887 31.89261993  8.03874333]
 [37.69175592  8.82123792 12.5369431 ]
 [13.87146836 29.05139725 13.34943749]
 [11.80864709 17.33508424 11.98999919]
 [ 6.60046451 16.23266957 14.49073184]
 [41.51485327 26.04311171 11.22816197]
 [30.24707783 41.7951094   6.97994245]
 [45.36625756  3.7233337   8.41379636]
 [30.57982927 15.89915995  5.03931793]
 [43.23290736 15.39535583  9.41149717]
 [14.1781266   8.20061975 10.33881884]
 [36.69419838 43.62034944  8.8713204 ]
 [ 6.97605163 13.86739854 12.94777987]
 [ 1.56262764 33.47208078 14.27195479]
 [ 5.07732756  1.52102753 13.69339412]
 [32.03978654  0.15007904  8.35741974]
 [17.38004599 21.86990338  7.36008467]
 [26.7278584  34.13696365  5.62413715]
 [ 3.57350635 48.28347852  8.72025057]
 [ 3.58057322  2.75184255 12.25523071]
 [48.20047403 33.27767401 11.63508858]
 [ 5.56267948 14.05126496 14.40281784]
 [13.78288704  2.24892389 10.53956026]
 [19.39853805 34.22871961 10.28790633]
 [22.91315922 24.10857028 11.59348517]
 [14.90493183 14.61408546  6.97849917]
 [18.98364066  2.23280467 14.80360441]
 [ 4.7281675   4.21944985  7.6046178 ]
 [10.19208329 11.84541708 13.28898245]
 [35.57774202 23.3188103   7.41691132]
 [21.64290235 23.11815667 10.8969516 ]
 [39.81981736 29.08689626  9.89327923]
 [34.48174617 26.39232878  9.61666812]
 [27.16925173 40.49181434 13.33886151]
 [40.80062825  1.76800942  9.29703225]
 [46.92849784 29.56156018  7.28911912]
 [23.41450781 33.35343833  7.23060424]
 [36.4356672   5.336385   10.4381375 ]
 [ 3.86731001 36.37269139  7.69314427]
 [41.76858924 14.48236013 12.85052649]
 [ 1.40417795  0.99943183 13.0681891 ]
 [13.20525572 18.21228577  7.1583046 ]
 [ 1.1830944  47.28279491 14.30621638]
 [25.54194313 44.45762393  6.93176056]
 [25.102346   39.11387966 14.59794153]
 [38.22415253 16.50472878 11.37728112]
 [14.81114802 26.44030382 12.68639152]
 [19.05673712 30.89513269 13.61113774]
 [40.20722182 41.07654252  8.83956345]
 [12.37494056 39.26988459  7.3566225 ]
 [17.43888814 41.74881212  8.9235989 ]
 [33.85257089 21.46067574 13.61825801]
 [12.16217678  7.41867352  6.30024544]
 [17.90894287 43.92370784  9.76284626]
 [48.29935419  4.87092358 12.39669608]
 [ 1.51938971 26.05645261 12.95915039]
 [13.07751916 29.70960991  7.59707113]
 [14.60368087 30.40314874 13.454389  ]
 [36.19419416 32.62040904  7.69455507]
 [ 6.58152651 35.79276368  8.71082965]
 [37.31219877 49.74780464 13.39440657]
 [ 4.34371741 37.23608408  5.83396376]
 [17.10716751 31.85526956  9.49972085]
 [13.70255504 30.48362754 10.27572049]
 [23.36474187 28.58401114 12.94681841]
 [35.57328926 14.45440299 10.11221986]
 [13.56692079 11.72592129  8.0377645 ]
 [34.58088395 11.18423908 13.70933898]
 [49.71442165 23.43933482 14.11379414]
 [18.97420077 16.54559947 13.93884182]
 [ 9.01712445 34.16072189  9.1435334 ]
 [21.54076886 10.80868973  8.10878728]
 [22.60513311 26.27935923 10.38540622]
 [19.94670289 47.41085961  8.67098827]
 [39.82515767 36.60654694 13.4744378 ]
 [41.13564411 38.8453459   7.40810115]
 [10.69789938  7.65594076  6.8119365 ]
 [30.29324584 46.22876772  5.5500723 ]
 [37.74782472  0.22262283 13.89449157]
 [36.94402513 47.44888432 13.26415333]
 [43.68941271 25.24949608 13.68101689]
 [ 9.65061693 41.14760966 13.20385002]]

domain count: 100
domain lengths: [1000, 1000, 1000, 1000, 1000, 1000, 1000, 1000, 1000, 1000, 1000, 1000, 1000, 1000, 1000, 1000, 1000, 1000, 1000, 1000, 1000, 1000, 1000, 1000, 1000, 1000, 1000, 1000, 1000, 1000, 1000, 1000, 1000, 1000, 1000, 1000, 1000, 1000, 1000, 1000, 1000, 1000, 1000, 1000, 1000, 1000, 1000, 1000, 1000, 1000, 1000, 1000, 1000, 1000, 1000, 1000, 1000, 1000, 1000, 1000, 1000, 1000, 1000, 1000, 1000, 1000, 1000, 1000, 1000, 1000, 1000, 1000, 1000, 1000, 1000, 1000, 1000, 1000, 1000, 1000, 1000, 1000, 1000, 1000, 1000, 1000, 1000, 1000, 1000, 1000, 1000, 1000, 1000, 1000, 1000, 1000, 1000, 1000, 1000, 1000]
